25
1804289383 1957747793
424238335 719885386
1649760492 2044897763
1967513926 2145174067
468703135 1101513929
1801979802 2089018456
628175011 1656478042
1131176229 1653377373
859484421 1914544919
608413784 756898537
1734575198 1973594324
149798315 2038664370
1129566413 1424268980
1911759956 2084420925
1937477084 2001100545
1998898814 2053999932
1264095060 1411549676
1843993368 1984210012
855636226 1749698586
1469348094 1956297539
1036140795 2040651434
1975960378 2114738097
2007905771 2040332871
112805732 1120048829
378409503 515530019	
